8782,9866
4706,7592
8292,6754
9893,4179
8982,8303
5528,9341
865,8386
2215,5735
7183,217
824,2107
2457,5182
8309,3869
6870,2524
8500,7504
644,9121
2036,9077
3922,3071
7622,606
3287,2701
7174,8720
867,1755
8964,7895
961,2643
9843,5651
9733,8250
7166,9728
1863,7125
4354,9524
8044,9449
6636,2482
270,3418
7231,7435
4488,2901
1746,6964
3199,5274
7892,8274
4784,7761
1117,418
8306,7742
8930,6517
3048,6014
2740,5865
3590,5329
8598,819
1500,4770
8089,7351
7748,2689
6630,4586
2132,3649
24,1007
8625,2253
8339,1966
2272,4534
1109,9059
474,4024
2903,194
5147,8891
7775,3032
4711,3060
9078,6636
4010,1739
113,4245
4746,7848
4542,2725
5436,55
4141,7971
6767,9082
8200,759
5336,1406
8689,2398
2587,6037
342,461
3076,5122
1491,7489
5119,9508
9973,981
3258,1689
7878,4574
228,340
6906,8896
3986,1962
9381,2420
6910,4101
1863,8465
1644,9515
9317,3622
7867,9961
6996,6650
8164,3321
4308,8042
8627,6596
5880,2369
2111,8752
3790,4487
871,4345
7359,4480
4938,2702
772,5445
5251,5107
7266,256
4208,9796
2405,7648
4125,7129
597,9037
2114,4356
5334,6277
6102,4391
2386,2453
1806,3859
3819,8035
2550,3164
4432,440
2250,3720
9886,9883
7393,5542
1968,3336
2647,6427
2900,6048
8598,4135
5707,8330
2064,5110
4813,4791
8124,6115
9495,6644
8698,1223
9730,5800
9572,6879
6865,5308
8388,1980
9399,6058
1020,3
6610,3918
7174,9220
7912,922
488,5272
556,6918
9059,3108
4429,3332
2377,2555
5132,1394
4392,1263
1976,280
8631,8664
6407,817
6956,2669
9123,134
4472,9502
3982,9190
1328,4309
8436,3874
4681,4513
6604,6916
7390,3826
5402,5632
7857,7027
9732,643
3084,5328
2943,5800
1314,6009
6965,6745
504,3871
741,291
1033,8748
2648,2066
9322,1055
4363,9339
4795,628
94,1865
7335,8866
791,1326
2872,2446
8900,9867
2409,2142
7355,716
2410,3303
9360,5050
6410,8295
3075,3620
756,4943
626,8920
376,1736
9058,5850
5780,1735
6342,1447
1471,8715
1946,8692
2563,6242
8223,4703
4084,5227
194,359
2993,2167
7963,2392
9030,9673
5231,5438
5419,492
5667,9275
3885,2980
6398,4227
3959,4988
7769,4580
2637,1759
9157,1524
3988,4674
7913,2
5345,6526
7,9711
253,3947
1050,5589
8033,2696
3807,8373
4676,3576
1788,6719
1710,790
81,6538
2024,9225
4794,6339
1683,594
6462,7650
6017,4866
5959,7929
3012,6521
7038,7622
7633,6329
6690,4535
8399,9257
2565,9405
6962,8037
2419,2601
4815,6515
2576,1986
668,3696
1293,5017
5238,2841
3351,9012
2317,5558
9340,1895
5520,6912
6618,9009
7936,340
3286,2625
7556,2943
8054,7497
905,2089
8044,4587
3507,5454
3759,5329
5973,9751
2919,5849
3145,7352
2517,7836
6444,3554
7277,6960
1225,4264
8449,3059
5936,1471
4715,9112
2419,655
3926,2830
8669,8214
4090,9899
7440,5468
4594,4105
8985,4017
6331,8519
9553,4114
1676,2496
8147,7130
9965,8648
2917,9029
5605,1298
293,256
4708,3566
1681,2476
4025,1216
8851,2578
4145,4221
3671,6464
7677,9215
5499,1009
4126,4855
9218,363
7904,4177
7300,7026
5568,7411
358,7306
6731,5312
4977,9657
293,505
8002,555
7827,6467
7789,3183
5301,820
8271,2591
3891,7142
9919,7117
1491,8542
975,7688
6869,3110
3525,4270
9179,7862
6336,5276
6072,6098
2714,6512
2723,3293
2745,3407
1816,5243
305,3763
6123,756
7738,716
9450,7284
5689,1304
3967,9615
9261,877
9166,1010
2616,306
8145,8116
7097,1774
2222,3068
1570,7080
8401,3740
619,5709
2395,6075
4386,7232
1207,9649
5724,3500
9989,7275
5197,6373
8005,7326
7264,7629
1553,5096
6771,9234
5719,4034
867,2724
1074,209
7215,5701
820,9100
3211,4329
1090,5592
8004,6892
3900,1071
1466,1459
9639,8016
4495,8714
4265,8607
11,5549
7041,6317
6090,6946
5664,738
6178,8180
1128,23
1028,9322
2623,2992
3374,9846
3039,7974
6235,4362
3726,2723
7160,6916
7973,2103
9252,9418
1136,6791
7203,0
9073,8325
4127,5207
1537,7274
3692,6623
6515,6368
4821,4317
4086,3725
264,3496
9672,5129
4155,4317
210,5712
8810,4115
164,6547
3759,2249
2749,7817
572,1947
3622,659
5415,8851
572,4894
642,7548
761,7105
471,2817
6190,4661
6173,5012
4671,1172
7337,4203
6811,3915
2371,7701
2310,665
228,8267
1685,5626
9225,8417
773,7149
3383,763
6712,3888
7851,8332
8125,3629
3452,1210
7531,7518
7664,3054
7641,6557
7175,4391
3149,5366
6200,4654
5392,9197
7495,3780
9947,8812
1151,375
7872,3237
2257,1731
8358,6886
2057,2230
2034,2090
6698,988
8399,6764
262,3961
5787,6630
2875,2373
8157,4807
6909,9873
3446,8835
5548,4008
3683,5525
3778,384
1356,6512
4651,4432
2444,563
9873,651
3934,8794
4835,5403
8832,6945
6626,2153
6807,6196
4744,6457
6111,3665
6933,9938
6844,2559
9335,9130
642,7736
4341,3089
957,5346
5832,9588
7822,6651
2599,6562
35,2
1325,235
1938,1123
3689,612
6161,5674
8610,2678
3589,2953
4693,5927
7910,4804
3933,640
5963,2938
9181,1965
8935,8974
9340,8148
5903,9475
6302,8525
6726,5910
1515,1312
7544,8581
7743,3947
2031,9742
6958,274
6613,2786
1873,6161
695,6200
9936,2782
5298,621
5678,7001
6286,9209
3628,5509
4147,7374
1691,4912
5643,9018
9538,1550
5718,939
2263,6964
4516,9330
7662,7536
5059,5632
2348,6262
7685,4541
2790,7942
8028,2535
8523,3241
4917,4535
1930,3641
575,656
1266,5248
8342,3985
5588,6633
3313,4842
9094,6883
4420,2459
3911,8244
1714,1719
3771,1834
7954,4519
4354,3485
2397,9612
8633,7424
3970,1372
7756,6214
998,1550
4374,9697
1579,928
4343,1973
7676,7509
480,8091
5330,317
9022,7410
5094,3580
6209,9392
6724,7212
1928,9831
8856,9838
4635,9266
1287,8540
773,4190
1053,9866
6716,1350
3950,203
1997,198
4203,752
9993,5281
6228,283
6086,2190
9604,5458
9795,8989
1901,3038
2221,8088
3569,4691
7815,6244
794,1594
2089,7383
4471,2426
3415,1123
5843,1574
9852,3440
2131,4208
6068,873
1036,4202
7923,6700
271,1981
3077,6837
5666,2467
1955,1764
125,3806
7870,6538
3261,7788
6156,1763
2504,1842
7228,9917
7230,4869
1927,2632
5800,8791
7269,5285
9519,2782
1049,6464
7660,9681
1323,4346
5624,5724
592,7087
3167,9028
9431,199
8389,9828
8546,2728
3365,6356
4095,2568
5938,3131
1011,656
9820,9499
34,812
4306,7819
7117,2303
4654,7907
3640,8803
5713,384
6166,5518
3067,4935
3844,6592
2039,5798
4816,1545
9985,9046
1124,7
3765,2797
2386,3325
4053,8304
8141,8080
2903,677
5665,1963
8697,822
4641,9634
9394,1346
4059,2163
6982,6989
3610,5464
3141,584
7944,9385
6848,8891
846,9439
5897,9071
1401,6227
5319,984
5738,6245
5715,3999
4475,5785
626,9486
9513,2667
5166,2469
2530,163
3651,2378
8445,5236
4692,748
4288,3726
3383,1336
1681,2851
8052,7380
5069,1031
3509,4057
4671,368
7418,6031
8270,7405
1660,5280
9861,6339
2731,2494
6720,2611
2823,8608
3040,5863
8071,6327
1627,9627
1018,7072
8323,9896
7864,4626
4801,5899
1603,9286
1710,3333
9615,5463
7038,5659
4156,5983
3081,7774
9596,1537
9287,2325
5717,2917
4696,1622
2388,669
1133,2435
1260,6535
6438,8977
6826,9211
1417,9956
5622,9236
219,8599
3336,4299
8111,3416
3348,9551
1560,2447
2788,2001
8701,110
9169,6716
7112,228
9038,7186
3322,9020
4737,49
9055,3779
9054,4516
4809,919
2001,278
5244,1146
4568,433
7733,3142
1915,676
5416,9386
1145,884
516,6275
1632,857
5941,7414
8457,6857
6166,1241
1261,6386
1985,7057
9784,6561
5061,5830
569,6768
3971,8435
3282,6347
5701,8330
5523,6675
458,8069
1757,8380
8066,5222
3925,8641
4147,1487
2088,9000
8006,3614
3557,5087
8097,9744
6108,4293
930,503
6577,8086
1508,5782
3740,6590
4769,841
256,8175
7941,5313
7814,590
2618,1421
3605,1527
7237,3220
8432,9137
6269,7551
8493,843
3331,3796
1085,8534
7890,6524
8333,493
8261,1750
8152,3262
8671,3157
2919,9948
9531,3060
4374,1230
9168,3034
9491,6111
1952,5849
9718,6616
1934,8976
4552,827
2506,9536
9281,3542
7323,7915
4962,903
5447,6328
811,7567
9362,2099
5915,7359
5824,9794
2,2975
3593,4227
9812,2990
360,401
7244,1907
7919,7109
4106,4898
3227,9192
3659,2778
5136,9942
2339,3723
2225,2511
170,2900
3006,5560
6768,379
2922,6366
9038,390
23,7834
8747,6886
1873,8304
871,9172
628,2850
9351,9700
1466,1537
2270,4453
9765,3811
6453,7706
1765,8096
8551,483
9655,5158
4107,5924
7819,2893
5262,2615
4048,1173
3884,7726
670,7563
8251,4880
703,3051
3733,1045
2410,8127
7120,4109
9614,5525
475,474
5416,1822
8871,8286
7073,6643
991,1278
7528,3570
7958,4934
6135,6935
1948,8375
2931,8102
2668,4395
2485,6020
1749,9369
6641,1461
9171,7796
9872,9551
6425,350
2174,7710
1950,2506
2033,7969
1057,9614
4180,3506
3017,9975
6416,6147
8270,6167
294,4196
2382,9193
3611,7633
5069,5237
4400,279
2012,5935
525,8551
2436,7610
2458,2115
9631,570
4682,2294
2948,8359
7380,5361
93,5085
5103,4463
886,6496
2297,3369
469,3821
4132,9494
1616,9676
8717,2186
591,9666
235,608
4607,6707
7329,5330
3216,212
1456,6885
2972,2365
3740,3282
1141,4061
9672,9694
1081,6553
3168,2507
9812,1725
1316,9463
19,9283
1212,8946
1440,4224
4925,2526
8927,5195
2950,6719
4996,2906
3639,4369
9694,6277
9759,5961
1364,9387
9567,7012
4907,3827
7601,2059
9537,2571
9375,6248
681,6844
401,6274
675,1983
6823,3460
615,7288
7662,7101
382,9729
947,592
7693,8178
3778,6859
2495,3419
9433,116
5742,292
2750,6656
4574,9388
409,7053
9510,509
9039,8191
9836,1697
109,1656
8939,9518
5245,336
1508,6988
5224,9397
2318,8664
4104,1659
3883,6561
6345,3716
5945,8527
987,1099
3281,1795
1910,5771
975,6714
3963,4924
447,4715
3235,8125
9456,9264
7143,9197
2232,5217
3755,1443
900,9435
2439,1262
5098,608
7203,903
6013,9992
2526,1827
1708,2566
4795,580
1111,8693
6729,2670
8175,8209
9742,2359
8074,2562
9119,2328
8271,9698
6334,5232
4020,1904
9953,9176
2577,7325
7547,5617
6368,8772
1497,9161
8628,8519
8811,8445
675,5364
524,9608
6658,7254
336,522
9835,9496
2282,1972
2381,836
71,4047
4177,5194
6778,6204
9668,9484
3237,2710
9349,2998
6496,8804
9101,6635
1994,3610
5670,2954
1401,7423
5514,7583
8879,5674
5881,502
4891,1717
1014,523
777,6052
863,1581
5911,2367
8951,6193
3429,1210
2193,8098
7289,3990
555,5317
3164,6512
2485,5115
6724,3671
1548,4352
8686,4939
7832,3089
3127,545
9678,3755
1960,7475
5747,9437
5244,6116
6078,9743
5728,1665
5511,2188
5974,5939
4706,4523
2933,8577
9459,508
6992,6819
6029,8061
8273,8833
3179,3116
754,2297
3417,23
6888,5424
6144,5375
3885,4304
2236,523
1560,1151
6396,7065
4315,3344
9286,1983
8569,2979
7652,7792
3122,7671
4335,6490
5532,3760
9734,956
3280,643
4107,8884
7310,143
3066,5782
2957,5926
9079,8729
3731,5064
7155,5804
