5427,1522
2770,1482
356,2570
6176,5975
9514,1392
7338,5162
1181,9254
5474,2601
9270,1124
8159,5055
5823,8702
1030,959
8762,9970
4712,7429
5979,7518
1832,2119
6642,9774
2151,3418
6153,4051
4846,8049
870,5503
6039,2192
6973,9372
3592,3744
7302,7020
3902,7563
4646,4700
6754,1398
1052,5298
5450,3071
9675,821
2143,2572
6015,5259
6501,2178
6334,701
2877,8231
4876,2135
7427,5103
4586,8604
5172,6067
125,4007
6881,1809
5367,8316
840,9276
9108,3964
1413,7907
5010,5831
3877,3455
6701,9868
5682,6326
919,1756
336,5838
5025,3197
4562,2027
6697,3306
7754,6520
3296,3832
7564,1284
3382,5619
9901,7316
8883,2566
5789,6247
6757,9674
686,3655
9362,3974
352,5674
1897,9029
9563,1624
8601,3525
4920,5351
1933,1195
9933,3555
5954,3123
9795,3673
7911,6261
2964,482
1552,4468
982,9677
8999,8113
8815,1157
4479,316
4613,946
6550,8714
5971,6699
2215,5522
1737,7769
1913,6481
5617,390
280,5101
7865,3092
6910,3607
5458,5355
2173,8041
7492,2602
4091,9631
1420,1935
1771,7795
1011,7697
7588,1776
1548,7818
