615,2587
291,7167
4513,9379
3865,5189
9777,2114
538,2535
1280,887
7809,4414
1407,1662
2949,9461
6197,8671
9050,1328
624,7313
8225,7687
8972,7609
746,1645
7441,9267
5019,4577
7942,7387
3496,3648
1428,3193
3090,7013
7014,8375
3821,5791
5020,5552
3208,4285
8687,4358
7601,824
4943,2304
8225,9437
2104,9694
851,8277
5682,2155
275,8899
9271,2734
8161,3802
6112,1757
8868,4889
7001,7918
2107,5380
3523,2123
6255,4895
6984,3026
4436,217
7993,5574
8734,9507
8435,4213
5025,4652
6864,6903
928,9498
3033,6288
759,5799
7913,8642
1076,6534
9997,3906
272,5104
5608,6340
332,8399
8259,5478
8182,1335
5281,8743
2731,1052
673,3490
982,612
6573,5195
5639,2825
7087,7076
6815,7355
8642,6892
9527,9120
118,9381
7792,7641
910,9888
9301,2994
2388,8216
204,3973
7101,5911
3404,4925
9510,5417
1097,9682
9357,1211
9418,6277
4973,2687
6316,9
1889,7279
1183,8588
8201,2316
3918,4689
5850,7330
4460,4060
1120,2377
986,4281
9359,3931
9045,1577
3175,1437
7100,7161
838,1116
6655,6641
1127,1461
2802,2198
5144,5888
7441,2541
8777,1642
4510,3933
3696,2558
583,7647
3034,4448
82,741
8684,2006
3706,9524
1879,7906
8275,6879
5770,1040
9128,3201
8210,745
2343,2855
5228,9362
1042,4136
7322,7700
6230,3809
676,6536
4072,4129
2214,5007
2411,910
4568,683
4750,1939
1435,6558
7923,1255
4142,5389
5307,842
2704,7888
2588,190
8017,7753
1476,9728
4881,2574
1543,3442
2922,8853
8853,4518
5417,1819
6343,3049
9430,3952
8055,8041
6230,1987
9663,6500
1462,6342
5578,1583
8040,8237
9015,1824
1594,6665
5437,2921
257,7547
7320,8498
8389,3399
6400,1537
3894,1911
7194,3912
5724,8840
920,8971
7852,5414
4716,2764
9782,8271
7819,5989
7051,4934
4764,8209
876,9830
7647,5080
4174,9504
2602,5734
5962,564
1487,5254
1825,7176
9817,5088
2716,9064
4517,9276
3889,7354
9150,6833
5745,1468
1729,8543
895,8413
495,4821
1195,9220
8496,5072
4524,801
9844,5473
7901,8014
4900,4282
8590,8834
232,3733
4907,7938
8514,304
8729,9268
8328,7896
3709,9025
4319,4657
1895,5942
6898,3056
8763,8168
1234,2646
9120,9025
728,9945
